-26910483
451864249
-973661147
-170100991
-707975659
-789149936
-701177913
812594915
-30992591
-557839227
389615023
-830624484
759816544
-671203949
353674400
-716206092
-380540281
-703675657
-343041035
593583629
826379348
212633684
-398846194
-973976454
-784150310
-375572965
-630059317
1070678683
80867527
-5394786
-784248201
347654446
645765165
-489658379
-818217204
-493636284
-741975527
107396820
768674017
-174403701
1052023142
125507611
270668543
870177229
-567848247
-408061727
719452391
684686342
-70548293
-711853882
-800754951
-788382786
-501706771
528833057
-247281570
-700082693
775665876
-12428955
-896742012
590441181
-162140558
-246866692
1032322033
-743301818
-282039689
-721718452
529539348
-187495748
915070995
1053726300
111970225
-173335098
-906762784
278514948
503122431
-930490848
-92644543
527754938
1047624869
-190928834
-137658340
669151417
468842004
696667108
591163082
813923129
-375468845
469863013
-642163343
720955264
343675236
-83810355
-1013797149
268707671
-983721286
-336169783
-268707671
983721286
336169783
-343675236
83810355
1013797149
-469863013
642163343
-720955264
-591163082
-813923129
375468845
-669151417
-468842004
-696667108
-1047624869
190928834
137658340
917228546
-152791847
536905903
749254598
-762097879
103662303
696322672
-527885816
-624013465
831582890
226171230
-640498224
968110229
457992052
76989403
23812659
644461921
858500607
333620553
-37547130
1019906389
415948844
950721979
275745861
-61832996
1023424999
-318903520
195042970
575628010
-885173507
-195042970
-575628010
885173507
61832996
-1023424999
318903520
-23812659
-644461921
-858500607
-333620553
37547130
-1019906389
-415948844
-950721979
-275745861
-696322672
527885816
624013465
-749254598
762097879
-103662303
-831582890
-226171230
640498224
-917228546
152791847
-536905903
-968110229
-457992052
-76989403
223724307
1044159146
112252468
35759701
526727682
-934987003
-668309290
466680900
698922838
-326254861
1021472478
55436859
642830736
-728420074
-457268349
-513383202
689150534
-643762948
-541611075
-474453209
796538197
453650945
705052547
-670837707
-597873472
640072847
-621108336
1036670995
-227222606
163109282
-922516871
-284383563
470117130
-348929956
297965373
-970765690
-913549232
-486212250
286263780
-198528822
275765511
1018558390
408576004
740435997
661620501
-568005673
-287836741
864546742
134964393
511957534
-934133609
-898373904
-457745502
-369208460
-438723790
-879378169
-432593313
-164739294
-832278653
-658099317
-421068154
-984127171
84361270
-534766520
744751041
-558831065
277729099
-1024784826
160012848
1063261699
-59642214
137254758
-1004653342
-147519631
349043155
-1034649136
-287054705
4718648
189750444
188983594
1039808383
274583981
1018497162
200471123
-823767936
-321525873
609055830
-327494090
366292893
954724379
736845068
20656173
-780739502
-330412599
939378648
401642594
-728151309
-752592877
-237320745
611462437
735499271
487930337
-417987253
922906185
355601368
960100456
-474640065
-76455380
-1012603919
-299847041
-194027212
-88657870
1068465476
-58675487
-957364885
-201087757
-442648500
-451659479
-789852682
570138543
227452843
-457324402
944479274
-770666186
-746501030
-41609432
370246202
988843203
195008650
-775132012
402564429
-624526818
-315411309
209731252
-1004713895
7199117
364763038
-1009860189
-430662172
-300747029
-936484288
-372675870
885473148
479553442
225515606
-552181939
-892837791
992758770
-402039703
75601620
-1060792527
-124261997
-110452136
-1002087725
150906980
-354920805
-81881347
-931838859
527155849
216324811
87724073
1048059906
-952715286
-462750433
-176400464
-559844341
-670487813
624453288
911934929
540826880
-169712920
-420153438
24337312
987826041
-644869474
143544194
-846439560
467978041
-349582359
900949627
-493088293
82060988
950290183
946784948
-319462331
-393018553
-930012106
322634013
-428842954
-68529298
428478150
982156665
-812870743
568737941
-410730828
-583977708
-672183314
-600050941
-22394886
-1067839806
-110173138
-735973325
-22682017
-781505147
310145670
59763339
1026235602
-588973216
890303939
115719275
-47757783
1062133369
-150044670
265773239
1040112131
21280134
-177664005
858865604
-619440779
-481033637
-54346537
958422974
445056142
577191786
-788477124
939650164
-442040549
-273091972
-997597893
316146591
-240356568
-877805378
615992349
-54153921
-215785165
-769369679
-717236755
-58505615
-979294810
436440454
-876950485
238174761
-571972143
-702205466
-656073944
-478952991
926132081
113233808
531393429
-658586929
-791417448
304701793
-406858236
975527030
-189036748
221488316
-1050646412
-2558458
-719389508
-720443260
341118378
1015126051
23860241
-349100691
-788880511
722811940
90177279
-316361242
-737555872
713336108
-679752798
759391895
337907658
-412624214
466158548
-874847969
4313885
-247398678
-1044842949
-511871445
883327022
-332629672
37719689
-991325264
410819851
-597162644
331433601
828534880
-5651289
499837427
950290541
253642422
260459132
1010320773
-11708520
892165483
597348444
-710093070
-775909153
215996113
632953148
802580247
328871954
977330170
-124364942
-426943325
-902402277
565076434
138853369
-833556075
465469229
491369688
797540980
-29160039
-718331108
616993315
-874167889
89840158
-372982542
127794912
-998736195
402875633
-354090066
-930178989
121580834
118306524
1060256182
246394044
-952979642
-429000327
-909777936
487443531
-296014213
959601180
-481174189
23632143
148082635
-966598569
-443486464
556145693
720091251
570168450
-973425204
-21653001
-452654420
203829737
-1049821358
96177219
-1045849156
-123194194
-209628806
-244091977
677223859
-796685920
586794177
589135385
-679347918
-828052166
487699177
-478957855
678689734
-819040583
146541026
-838178813
-663728525
99207996
-759652449
-383763466
654656598
-471024612
-439847494
858831473
-954710941
76481679
485385491
243400521
-906400348
-521647484
-498593826
507975810
803919322
689395285
674348198
472133616
-912079251
-195108123
-531945263
-929014079
-463515343
-273875648
-26008568
914373549
-562286466
793699106
75779436
-719180581
-963968898
152476006
-447701389
-261634595
537506121
-891939467
755964075
-270826005
712806493
253116221
-51377436
-1042215928
-940047978
-400111947
330366056
776910242
551105908
-495594852
192133587
-130779786
-1048285665
408234271
538813968
834233655
-867186353
-613565991
-156352510
634912802
-336791518
-797733483
-696615244
-813094786
-80781029
-984919964
418208857
89193725
-385881859
1001747628
-22768050
-1020055964
-261585461
209714998
845057524
127241912
-650083671
-130261954
-1006734325
-349913311
180812627
-1040594341
193369374
513355187
-913986174
232416066
-246860003
-927587903
481209231
167044581
3517728
-1060662640
52637706
-496624693
950533897
436693492
664844202
721250638
-812428179
-609155114
-349015764
-527776221
-843529065
-403525068
-797921047
605270076
387158418
-73840100
957870576
-479534256
-932994101
-531170093
-17373655
-1001273610
380313337
-75726000
1047833577
206313390
111360154
-555806220
594830477
-700126883
-141603065
-1064312401
10449312
-132150116
1065108554
31648351
-561165803
513145903
-758086886
584046179
235015086
869815769
-346061262
-906537257
-459731779
-43078180
679369520
-830375113
-109474776
-887152710
-594892297
-686137714
-644027041
517074183
-668404919
139895070
828604693
-331043408
-1019778779
58163629
-18267125
994474261
-404485797
113646031
-409705672
-985975327
685180645
-389834651
-729025330
849987260
-81802643
-650961972
589721088
-798596329
-409138661
-641868463
557052498
-656215585
903767610
-553814615
171507963
467920338
358323294
897539123
-450174344
-784032660
-579273123
-223133092
-636526948
-835443936
-451439647
-529299965
817902986
-786714609
553085556
477596058
-322864266
-978367714
-302451295
-793885432
-608433333
390482141
593835609
890334283
87095563
-1062469960
92606725
124511374
382133070
-587255378
-813650379
-511289378
350499562
876729566
-1070781382
75295083
26065024
840615337
228534334
627741520
-130227094
-495690466
-943532389
-893182717
594361740
43361951
-95835923
-243022433
-1041478313
239347858
-1041509928
-104360795
129662263
-805371346
698202116
286793567
-739083381
-724173121
-718198892
584170833
543926735
-443527400
302284127
-929961964
56432145
669187829
-837809385
73657522
906653743
-570504217
398905699
285194430
-955227660
-1065448279
-10762277
132761597
878563288
415440571
-456571116
739921384
178386950
757374376
-325940233
-478065936
-904509496
-436091143
-128578883
-972735056
534610113
-921399340
134672884
-359756078
-579176484
829488799
23241910
-571104943
-908966700
73926525
-1062319599
-137598847
21379931
835943049
673545560
-566682930
-863992536
292076800
-92625108
371782530
-1003055254
163450030
-605155729
871775277
-632441741
-839237295
220498777
823371888
528327891
442549293
-517959334
51198079
-939158340
-740585232
-474336996
616002785
-674547116
229129895
-803372381
512547148
-224931964
-916309192
905417968
-527725562
-233763850
-20374737
192589232
-1056132454
-287455864
-536642979
884480040
-1031787506
145289371
-259281786
-836523815
672940028
17353076
-742772714
685369856
362599447
-555605788
826022383
-402381330
-518321957
-915225878
215929257
11856255
1071663143
-65719402
876800429
373701082
494459313
-611413166
-114090555
-875259270
-872349585
-21651830
-625666767
718717236
-685884785
-407343957
815315737
-203186651
668503506
-474076167
-900965044
-341226142
398212032
-994117562
-77967645
176599283
1039930924
200693470
433181375
-719639701
668875250
-1021911636
-119928587
-306977599
1046043655
-134935358
201262574
340229864
-738017488
701780115
410696341
777447296
-616300025
-973292515
-436318850
123487023
458869888
-256171100
936341976
-998664410
-240726331
312476772
-465616595
-528244061
-810605268
368682056
-444957050
-904990756
-958087385
-292315966
-386705886
866321323
-131313236
620617195
-641648732
-127702612
851410859
-587502834
489252447
753919071
-278015907
663962816
796732098
-901371341
481394490
329712835
411363788
-791663271
597470168
-538402141
925688529
-78392511
542476812
670072582
-640033707
-878596401
-568408163
240628400
-808728126
-413715346
572468281
-292739224
-228135348
-1007561171
689557381
-651973496
-502357126
-1005846658
-374012224
-36178181
-456667360
-664396202
-709192577
855285958
584601233
282221245
170963414
-999994137
-351716847
-784767786
177448323
711036650
576874061
-283746585
-860014940
130704075
-1032118472
-265649030
333364037
966357740
-328546252
-702952851
-352331344
731191778
629312159
-862932760
-110610852
-483549384
-346683764
893818698
-1045967568
220521485
-101210789
-617182720
309166436
-822449456
-905591614
109262365
566468946
732479348
-569635991
-540287280
88569679
-663564894
839498986
442421844
-161447496
964945139
736535688
-82028142
776986529
25423099
146693156
1063370249
72950457
-999415420
-385705267
249569405
732788131
744082099
321061451
901495720
-486976913
-667009134
-532571351
651450746
-339642241
-660973041
775035025
-885775033
563978939
-224169246
-342658432
-135750498
-1008503101
-775008590
-194053344
717374719
-1066250454
52318891
-115300505
972359002
175497869
-420285585
-739073235
-465023737
-624856128
121323232
-342573191
1010369133
-382698225
382001953
-927651917
-729294979
-546756744
-567545065
579741370
899779746
-84957961
-153372443
-734488636
768065649
-274581799
-558913729
-874723832
59495564
-855137678
646623022
-464870545
273457855
928459844
-611528353
826850384
308663277
-68650269
-283200087
1033443929
-291576781
-52704273
-1032049778
127421408
-1065765409
28798982
696418025
-815541594
-53059827
787721640
-639620231
-351143960
729419082
-649112863
446678629
-809512072
-436261545
-554335253
1021855699
-19537144
329166727
439946664
966501907
-158878886
-293534962
-806977881
644628132
-130881361
-999450187
369987699
-240834859
595783053
860210804
-854844533
632079704
-150457883
-100572328
-609785460
878048064
-588114131
165551819
882969913
366027448
377987776
-935986459
-1039288855
145960586
226926610
444174429
-961341073
177352532
-506576919
942268404
91823645
-1051277836
47314285
213302070
809343238
669721840
-222165891
-84052734
-1054662337
183150200
-1003661259
235742024
-300018796
-119999225
-1063422046
-87494232
474618139
-442591215
855436813
377831015
392673173
925188092
396112157
-927333555
368875506
-790636301
705099853
-175071240
-578785315
-778476716
-460329300
-176528380
-569094036
-893247565
-195195298
-238240135
-1028621377
237718085
-806246699
-668115167
-1016490579
119538838
324621120
711183332
-291599337
-749739687
734837127
775254801
-109159949
-274302497
-1012407256
229589179
-470945926
-961382873
-82912059
750795897
-176675209
747002607
-139177138
590401869
885989199
85414136
-1046680917
223796750
316973460
-481181476
906042889
-125779104
912236785
-552200297
-314795662
-11400732
1026496575
-262383576
-823739141
-636812524
376434124
622783576
789531172
-390275131
-70891354
997788175
704867665
594116227
-550553345
-590791207
-870383275
-215221298
-550363187
422847259
819281429
-773978055
-683694951
-294007971
474157055
-938070249
-219364534
983634365
-393347048
175108649
-153590210
-932967478
-508825348
-75015917
656516843
846333120
-1054096801
-198722024
48072798
-970035111
237313030
-394507178
-853857326
567418495
-319194958
-770165824
-107554729
-740404003
-261947801
-100111508
1036476019
-253109044
292582255
-1001625149
798204243
592051403
-406529982
-635890352
-864963062
-20096386
-889878266
-599378833
42227822
-869121752
40052328
629241364
53118351
772198460
744183769
-898663020
65708616
-583959465
-947895023
437024477
251845459
985005417
-286693338
317005934
-357216754
969843291
291069895
-141753277
-327434322
-1012726161
-133666123
355493454
1004330262
-347754401
996982185
194974105
342856965
-856890523
548734213
-218946217
203093557
-1031376296
171943734
992640729
371512097
44363792
275588036
-1036824282
-796810733
-518831966
-498826172
-857669951
-547916810
342214739
-337005108
-310414954
-971077554
87742747
702414225
807364211
360994193
736340666
-693114073
847929174
370330590
-544786998
987946082
361188683
-215468737
673055739
-33622822
-835934795
-451720072
938099880
262372054
828794377
-558221707
-392950264
223755309
-813300331
664377631
-288802793
377843722
-962677813
-3534755
605419263
-886778735
-646546158
-812032365
-274778105
-881505353
-62418151
609896541
-236859083
30251365
-1046854399
-868557653
-365527233
-514702777
553685521
71539484
917189156
-1058818941
173979460
39434779
576165192
455483196
-783256173
-717637814
-560125264
569365576
-1041732333
260061372
-9128670
652754434
-700262303
486277554
114196537
728146808
-780821926
-873386908
373079602
500927562
172993381
892773181
-570921045
255934071
-307280665
-996492773
-54716765
-934702697
-525602937
460814675
346683987
-905749166
-832151503
-129205793
666146562
-190532550
1055548925
-49348941
270028724
971990796
367749755
218860270
802566546
678902514
630348906
869233234
-3917255
-1064018584
132972847
-55715148
966916871
341481298
318408214
522174124
-810752995
472160215
-84953909
745707788
-767869931
-173296027
950209698
-469032535
480554302
-556977071
-782154466
-560969912
-861272922
-310553078
253581861
634554770
-828225806
104456763
-243846675
-1040456192
-149737914
-342974647
1006413659
-624276303
-415259895
-768609016
167539114
1060365769
21830807
-65996344
-1034957040
-278262308
-669509377
-325876748
-773616857
684023218
-427974438
708428981
-260657602
998860342
-295393188
-874383214
-539761422
-311501373
-446380602
971736010
-96927752
729225641
637470445
-463446760
934008871
-180311443
-498032845
250586691
1032021702
-158300413
-505036018
-914844364
-246819597
-930970625
534076171
-31270457
-811801830
409102321
571432045
-809364482
75621163
701521259
-432636607
774693127
604646698
-558167022
-374445718
-837353858
30453834
411656177
991228157
722095281
-539405373
583559552
-367676262
908483201
-438627339
-683541016
774493568
-293006648
954565101
452740463
-191710832
571755589
-520375711
-745135001
-105112901
1043492065
-230210971
626475375
633907756
-598841435
-153157611
-957391292
461374211
345888002
16433986
-1016372430
-802924161
651286240
289931937
920711923
-412800497
-367160465
254514991
48914390
-1041993764
393450920
-416319503
908182772
-825472956
641117257
-245936099
170331678
-484367075
-943025535
-957804363
403352576
-269887023
-31008887
1009807442
363660395
742121735
672713878
386824083
-677161132
798484761
238319932
617026720
-568775684
-669846065
-837059778
-107419972
-663862472
-902509434
-540442095
-215222130
-675756516
-815033654
-178870838
-1046890951
-186591929
148742365
366764948
117079395
-1002345944
-686434644
-444676367
695695271
547234536
-374250656
844625545
-746257168
641219874
-429952107
-829128490
321104593
-601962865
120419426
821724925
680579762
951283008
489165123
-93271779
-817239402
691925808
-79246070
-23913797
1054709271
199844909
548152336
-922607531
35296806
510939881
872474834
-361454845
-994077371
-206421385
-349459432
878889700
446545167
425525337
453370503
866486174
-443371628
182598580
-681404222
809485978
-799693903
149306337
-700798675
816997296
462709539
-520899995
-654507647
-26890533
-850775024
-974151235
295173250
341794715
-365196673
445521267
906125650
-1040312837
-31186719
-264003966
983384145
430745092
-18324641
-38581607
17586360
-1072904321
123260738
-564404343
-905083439
435042501
-638543221
-745601824
-363535500
-686158659
-741585961
432552781
928277186
-322677951
-193033054
-1044093865
-159774039
239243495
-543527050
894573865
-697510684
313266640
-753833112
-408861508
216610926
-968934196
830350248
648011884
208615836
-204065690
1031144607
-219133511
354178636
-134943320
1004623958
497714966
696454559
648191610
-387846237
-219528788
-976884799
-216714142
964262620
419707139
-107135856
-874028928
614423994
278619157
951890492
-411336066
-277675572
917333098
484063806
492279357
-321526675
-898444842
-378502048
-492289613
875961551
-566597480
911913196
17410381
-607263240
-505245617
727241175
667109165
-516411537
664233384
1060565660
37117559
163536756
35039528
-789167313
727261086
-161300962
1015728783
-308542610
-967067823
-22545958
466039707
-1027827645
-295756968
-94971844
-989103160
-115228146
-401645261
-779802038
-735866373
57714525
-143344923
944437037
490318692
-398269026
-848923179
-523099152
594923981
-186107132
-874271751
-407281181
-306454035
945055272
-711903017
-160288358
787669499
827025603
-609862497
311476947
892648008
565294737
191161963
-268685824
-621076510
833662641
618929510
-401678484
780065484
-64135889
533828312
-929427471
648116252
393985940
760027569
-984360298
-331462492
272192805
1060578786
147425698
-79748390
565415739
418766348
811086487
158108925
-323515472
-1011563547
-825258261
-29826180
686280339
582995311
799786017
416389598
-881457840
213181583
574897550
-389443249
-940680626
341138415
389208911
-1000482831
21726304
-887562536
-463606252
387586753
920621009
543990538
97225288
-519067427
759888173
553227326
-623965506
872127325
-54612075
-363461872
970968946
-279349737
-960585666
468570760
-103141283
638535222
302727885
808424455
-750845851
231197009
-731915265
309515453
-381168749
-954898986
-692080778
37207721
820098339
-634501729
401682680
767450379
-311159841
-1026893304
-39889844
782778156
-688363857
257555940
-884999040
-159950044
586612466
-339483441
-890009539
495535587
708858518
461502816
-661404759
378013847
-662419229
755796136
-742828742
728090762
266478526
555224360
-904274543
-164118751
353975465
-591910455
822961048
61455998
10376133
-1071931434
-533958516
571992875
735278150
807935265
-388604873
590887776
-309759844
727778352
726160459
-1072928334
-24691636
33713738
-739449329
-675098642
-387786045
-855105628
568857668
313236048
801228830
-696827042
159329652
315495414
572846164
851605201
546553342
858085133
343352373
796156137
707593151
135531694
77027814
1052064609
200370352
280305289
-694502736
769426018
125609127
945137870
-493820065
52146924
-160616850
-1060379380
-462217726
437181773
864955706
-104454335
511992777
938016093
-1011272487
-26758134
-359907575
-381838846
-997317609
-111705800
-643037094
611174974
604888378
-1053029765
-93681683
187812565
862884989
-336553899
-543214941
-653749013
-745036851
412860536
283670410
840364251
605178096
-539061479
-749796244
-547850177
-619793122
-717976323
503277248
335891637
218721292
-996122135
92830840
481474074
955241673
-202636988
-1010943656
299754363
317763547
327389446
971989703
-438792933
965689781
166809808
-765641734
563600236
-499068143
87555909
881394403
606959119
-354481565
-991956236
-208055639
383283220
-325186285
948825250
866111637
-318477713
548948160
887198193
-541379134
269646996
899091840
208246506
548806668
-722973131
-669116003
427217895
1019864918
306257400
-137853026
178492953
170753335
-1044942614
-35354949
340717576
1017636018
145731680
18197129
1063650622
-305780453
1008390200
-206322617
-991741885
65397066
-406316084
122816827
626629979
863233687
-535612694
886807050
282159176
185084174
-757454578
-738192329
-1021311125
260307821
205146113
676550220
-149800172
820220221
-710012896
397376836
-700638881
-1010174932
214787490
293827234
602155116
13594075
-888901525
188908221
-176288677
1042188797
-1052144944
-207179286
-54674158
133896336
-434661276
972657622
636609383
661790169
556492379
346828709
1003774056
-158331913
637695870
42088807
862840665
-949357693
66461471
-497216600
-409384453
-693158854
710532670
-106909324
-1031591349
278048895
-216152731
-1049910662
-62346620
369541869
-896755610
460640518
-984803362
343804482
254720081
696090413
-802533305
-155948496
513947623
154999474
-929921775
-1402297
-118874629
1067140272
-229692251
-397295462
970731316
-1000980193
-350562587
167529188
-137235341
-436174292
971514257
-719459735
771716695
-199380379
-979882086
144079443
414721250
870700903
-622203775
-87543722
-417748729
141759742
978933950
121080185
849720586
-645163558
-385151175
-766179398
646180475
-383988077
236106805
974540013
189489023
-866960641
-604478833
52304019
1060931737
-156874609
73330967
-52030265
1069970525
308411598
1026216369
-68437949
-643943252
476027742
-715301461
-917765608
-286052616
-478332199
-78296502
864574690
-631903288
-120049204
-525267338
928764726
527639140
788576520
502658445
959750676
414431603
245044054
1010943704
77154791
353498895
864257378
588640271
-243892022
-501845514
180286070
931970770
900546459
-26667968
-584145870
44879348
-929224941
-536142105
-32430308
1072977597
24266313
224436211
1010060997
286926250
-556523826
138312421
-907784340
-1008219178
-363826214
63608794
38586981
1022194492
-326421459
-708936322
558582145
-581650051
301063242
-946850038
407133189
-1033381382
277624437
89269788
758124998
725845382
226531391
-840455702
-531153516
-405501736
-1004275487
346272421
156357475
505377912
-833102689
-451059396
311433010
925547969
446421259
-971630967
-122299995
440337913
314975726
774333863
673883420
501455196
745416688
-588063049
79499478
183410652
-1054970080
677684225
829474950
75079294
-975015499
-449167775
22684594
-169431048
440331328
964532501
169078144
-79148543
1057388099
39747683
-406656757
992961181
612201061
138747935
871137403
-1014177285
352107156
19659339
854142432
-411267954
504203211
382514659
-825207249
-570646154
115621565
967700224
450676639
-45734496
784133719
732095738
663331757
412972408
-736455208
-464747961
133960245
-958637308
458112006
904117477
354438260
366372424
843135532
-554810980
-402653595
-995292116
-13608399
-407983697
714663931
-689729129
158570978
290411944
1021487959
5182090
-72649553
-1071268730
-450251827
759743458
-610724712
479396780
-953213446
-120350973
-174468259
662966475
826412598
-766852869
316988313
-681451825
-404796879
517866982
849043449
824750221
457326162
513382273
1029895418
168780803
-252487566
284834591
425262788
943897410
-427068001
44574148
-984148145
-890971661
430348233
417002877
-930034100
-189585347
502011427
-961605071
-419175612
229192053
-571197509
-190607211
889001575
-326418469
774889171
-667771861
-223017529
-775331448
708551926
547886056
-885385877
-262362767
-241515757
789596033
686388918
-584379583
688811482
580483201
972787601
93846606
444745547
742119559
369261118
-682514682
-40653985
580664072
902273790
760004014
604496496
458147778
-267936859
-700584704
-768317913
594165981
848904498
-281512776
-849018596
145174484
641103187
983119516
-24304401
-431053149
512441035
905116997
-266625039
147450669
-1061303929
-69381363
-733900750
636065954
457964293
404668890
658753148
-745123400
-856204942
611244239
214976930
-120840914
9887479
1066874508
620007325
-309724208
820111782
-713940564
210545672
773873952
766548471
273623876
-700324867
-639838095
772423534
-383263094
-818650292
235741100
-653574278
-609279087
56898858
-882305512
-1050521731
55732449
-214987185
610971624
864361740
-180316277
-842334969
-615735074
-253502704
312455888
-1026596006
-37329105
-610290634
784798962
405656792
-647109847
855826378
41612012
-55813752
-378043971
1003438630
944533489
16898595
510384589
-768433346
498835889
559995047
-72027030
172456073
1057351651
519039501
-470003428
-814012455
588130859
494830237
749777722
-872189180
490846235
-388944098
741880290
-452929417
630388833
553394284
581491747
713122442
-31722178
-1007996764
-368588835
-593747774
882022013
-149740621
923931058
430687124
337315140
-415417861
925421439
-352057758
-1028543399
21445691
307506198
-583713387
-590826721
680532122
-938367922
482055360
-200024438
956296522
-78557531
481920304
236911597
993820791
-330325043
349300931
609044105
-812388848
609823100
363647917
-805479659
-163361821
537333878
-915153933
502551748
496876814
808379042
-147934236
-153035597
-1052433880
1580646
-1053690037
-206534042
-481068720
959938401
-3557482
-147234195
1054369497
-139816161
426273967
438014378
-882811085
1022306028
301495018
130048613
-124208658
-643337517
-850653015
602272753
-86619456
-884695486
-204792649
520873969
916336064
1023507977
-233936804
-225003325
-751820308
-753742239
-139858373
801663687
702799598
-127787170
1000582702
-329932663
-207123631
-524552622
917946538
187457203
-288975389
-1024917971
-137687619
1025293543
-115145028
297382374
-256256675
-1034152670
133350196
-605298429
-285933362
-839510230
-224894165
459928659
-943827180
-696393207
-746691848
-332278932
987653858
393245832
151059842
275763418
-910828534
497259914
-25396663
-556610214
917857060
108076759
-247433692
1039238897
-497927328
-644383915
699828014
992209293
-254903656
-321661853
-762474551
5657867
755990774
-418884674
986136515
70653431
-96254334
-1053395936
-184427785
108234586
-1060682786
127117288
-771060440
63703178
-744532877
328886001
467198860
-909109854
-445417471
-960287984
-179921558
-471268653
-378992930
-887238254
439054086
834227999
514020094
283421712
-163504711
-1022672893
-35305304
-835835277
673093179
-142611600
680744721
-818028153
333747979
-244239713
-990898961
-450359676
824730684
519535335
253230411
-1011471569
256361320
656744798
170215536
-832246625
490457174
-896894829
328561910
-768837002
-704729782
255278478
-1060319398
-34161426
-165762706
-176237940
-905778937
549022958
291993239
553101781
-872777103
919005657
-554392459
-31608645
995026284
-97990686
391461393
1000197988
248410495
301359776
690429131
-336966328
750121865
202972458
-228667888
-1029288434
346588943
228555282
990232342
-539690967
849124425
375023830
295920195
-1030323636
61530047
625873342
-872412181
-10052379
-909117730
-375571693
430548904
-840173718
64606837
-665473954
134121316
-994236329
382657938
-718169881
-789603281
116962318
194163007
1027017674
-245879904
-661276116
-551957000
-641076338
918896283
-454367785
319532534
-1029263609
228481802
-203307632
-580751587
-602857919
-672466673
-110330041
897053366
579693060
760120816
-752083946
-97506849
-526381996
-120199586
-928113978
850426864
-585677524
-294410409
259240416
-622274651
835757243
-493415692
-250415752
920192593
799765966
-590304087
406001215
-862667624
151682106
-621062487
550831687
-378589876
-840342586
715136190
222285893
-769474310
485306378
491652945
-821995502
1009937193
123845151
-342944234
-665297463
-623981922
-566522152
827038423
683418907
43215136
-271021031
843255931
606950195
624547196
-847881091
-209666304
610254310
-692748783
-548279403
202892579
-272747293
1018511177
-869272333
-349912558
524259779
813504798
-698267093
59619731
202778176
-751000961
740135171
-601034740
832814216
-313207961
-505045218
-862465810
392432869
792110291
-136514871
-711931514
-632969398
-28977177
866851525
-479108680
-910189108
308110634
25626883
1034967096
284794447
531190514
-605219980
-710258345
-889045824
-585046568
142265738
326186518
-530592493
-874640192
1058165777
-152518157
99724140
692375299
110021809
813285405
882814287
-236242818
-563692973
-880626664
-256264846
558342646
-319954578
-626373978
-811299089
-478268349
-38391821
-960576368
-725035365
146140859
-778388124
19047575
101224721
-1068790087
-412680952
-894535199
427109720
14909035
741642672
-776315252
15832415
976641091
445918173
435475321
-758197698
-623232700
82962462
-769981302
-743752329
1028210037
230076551
206810064
281803453
-203507610
1015919765
653848093
-481399701
-702608356
1018856604
-316533063
121076602
-847602896
520000203
405081008
536208614
-665918520
649580133
-240449348
-321538459
-995850709
498605901
264167342
913525738
498209658
-741512024
595708451
-230376750
1047879786
42379355
-117186598
-773840681
-735091426
69942399
-581922679
899664137
-357781523
-807765376
-610269598
523851385
55352190
-935648099
858330730
549038800
-338742170
-41862934
-332895770
-1019975198
262934901
-106970253
1035540490
-489956117
-955315559
15384719
-935942822
-519776089
82251769
-958176091
-310639803
371917995
-912863949
-373566952
-424321394
611714560
-666432286
578441707
-967464008
322763313
-335795682
-75552341
1064946149
114468544
-10004523
-885212857
-607634438
-227302790
-997377022
-326334218
-989725151
-297165024
-291648036
-642084166
831564102
-221699282
29842986
-710439345
-804553812
-725830853
-194281749
-767036946
252654765
517138400
906451845
-476625582
562050873
-780927893
805797533
-664000276
-250430574
-942663938
509933304
65377588
-390857570
554371350
-832360660
-252965555
-205297149
1023124143
758256508
-343699347
-678114540
-271974300
934113187
-454295099
896222918
-130868309
-576697035
35782461
-1030929451
-298036217
-712696320
-802914828
17698531
668247589
-759044305
-360857874
-675001806
825302613
-127159983
746510992
508078310
-580946875
888481477
602512702
22374348
680256984
795120079
240740521
1064293840
109587997
90501911
-499713053
471186548
-825343325
789934059
-13285640
727151413
-415396500
-209103477
967803175
655650108
-240303680
-815658372
728680956
123353514
-778928416
-64679761
-1068360607
85695073
-975097632
-383790679
-234117118
769825176
-482128351
-572575720
5366970
-972643668
-454815340
-499331025
706584037
635868720
-590327711
-521201253
-729920510
947459268
412696176
-291417750
-833531081
-647247016
198037218
-543802053
-466346574
-799826045
-45880315
76456151
1070033157
693814942
319184636
-754760557
-897079657
-108362810
-580023356
537778199
543392508
-753950060
997232445
-397302498
-24488347
461778843
-872875994
421626971
997065259
222547681
-330537294
-994592687
-381149773
-135763547
-103290562
610166597
-877467541
-216994943
979157457
-383517107
-501747128
933696437
-171412617
291747280
1003805646
-245314598
-509957679
-585777640
-741437270
214318374
949911036
452391602
-96643595
-87445952
1065802385
578725352
212332164
-879155004
268691859
403608751
-958032444
941690386
-361152475
368387852
12415030
-1062169175
156729109
810698570
323514610
-625322020
953435773
-461541073
-175674606
-921908753
7504563
550408427
351041159
-942517651
-375968196
21360974
860143619
-642353615
249143618
-866455816
583183745
327915670
-909200189
-467704857
-231408705
363756632
983388340
72967617
442829446
-975448262
-163478285
-1030098467
-255134281
-191605532
375924077
-987365136
745671088
745113578
-204210401
917519345
283096483
480558149
219494914
830371560
-644380756
-10643072
-1043563226
252554987
-479576974
-211638101
-937089506
-926949316
-20683948
-541533604
-1022038532
-210337140
-253213410
-774884471
484192430
-563944367
442217979
-896055218
-393001028
-848866377
647035865
117012680
-100112361
266207648
1035390026
143791293
263800073
-1030851633
-138406536
22639541
-1064543369
638615953
847121769
165758489
955744887
-266075361
410703197
95977526
593118348
-889899120
808176692
632699621
-315377751
-431090359
-613995948
768174186
1046541246
-119653378
-208221019
-692660983
59984895
-818256731
809140525
155246015
688557760
1019611335
-162180850
-294977290
-553156796
259564795
882929884
-246295565
-143637842
-1035194749
915017653
-557286435
71386465
-283944751
-401837921
-954370560
-371252364
817538589
-588832609
24707302
1067487931
113051182
-589887656
224435389
-868667262
917062114
-246504868
501152604
137666788
-821629625
-677417241
-260248828
-1015264676
-233301713
-161592189
-1055965134
108384058
-661552588
-731163847
-425051885
1040939525
-30853119
-261561642
-930335005
-503347961
184496917
-421009081
363120068
918594945
-48087982
-157026854
-1061108673
69981915
-493067616
-951266714
-555064495
886668189
-242166124
551242138
904316169
176821588
-386617764
-45900339
-1000670459
-229667159
797874967
-680859777
294829816
-299024915
988221120
535015068
810221108
-458499876
-207852527
-881987835
-576034971
72562947
1005901273
368535956
575385041
742356105
-520346970
-566479662
-92129783
907487961
177236261
-629739370
-851432403
847963428
656663128
-51701689
388370205
-715052842
-700563716
-809987663
-280116368
-646820152
-982821388
396296028
-173011793
-312543250
-757877638
-693440485
506465835
908517740
266475846
895430825
-376820419
-457308990
861749106
-630107963
115212567
890484298
-434558398
413664377
475122119
-962682119
-20581840
458794132
814148764
-528763877
82499365
-911449095
561583392
-615865395
69361636
876823974
268258161
-468580108
-928111924
605871457
-430822958
-774746965
955532822
273393816
-406367260
405653471
891943166
439094698
690451320
-820972431
46933412
1071576591
11616081
67157866
-911706299
552577393
-127950585
733136843
393763270
678514819
-237052307
-1046639041
35699086
493702861
950498093
-75712377
710224673
317836723
739920425
-472609902
386226779
-883396999
13048120
-949965047
500317558
282719350
656596927
801168988
-201034100
-843891421
632735382
415711723
-863560533
-484116176
669059565
-136245509
-828684477
-44308331
-1072755365
-12417858
365690108
942360916
362143827
-241411050
-302566672
1001546613
-772377432
-96275401
739652386
-820493566
246225917
647367445
-827303620
-525893493
438093891
800378029
326616457
636897326
-1041150238
-212074571
-154764537
-321092854
460219667
-915433635
154140281
-866316381
615352099
-5562032
-638416807
863316019
233211819
-687290053
-791306599
926208503
224573649
-494596794
-34852377
-1015853206
346047798
530071943
-862290455
-358330029
-248180838
1036643353
-129222033
1027486720
-287633461
-120247812
-556157918
-382909125
834859554
594535401
113585525
-886875126
1030013664
-302569486
-21096482
-713603376
479539815
-643221028
-42929621
-469634326
964635761
1043679495
244637024
-61703657
13345402
-216850837
1051531796
-585469738
-888071781
146544193
-406678104
-738953729
-664440975
-520185676
-562045412
752617645
872258018
274687529
-562702599
527967234
168456289
919670909
185929466
681944708
808271707
250245180
899059120
531028768
-267713136
446186002
939238645
994305456
-385849143
-124091107
-676018413
713719148
431886080
-637590571
392093208
-769845883
146413797
-522769167
926389174
371633542
-230763342
980590788
-822420042
-683101288
-99596220
129826156
-702651095
-801466226
-213297079
-488426393
932129561
-437334005
-963626947
181888918
265251074
761985252
-708478544
228991837
-1018588702
-250920899
223631646
358560836
987088910
-370121869
-547011243
-846587270
299796570
-1015213620
-179957845
-591876995
762224182
-470762595
510601076
-92219351
940055124
524966735
-727706363
-589724409
718214610
14310357
798050431
-551790873
6153613
921091998
-1030556197
-169902793
249014998
94033452
218047936
1047155342
76390352
-640018120
-858756556
1019933586
-211373341
260726475
1018047748
339030847
-39476197
931835079
368626733
-385641311
811005720
597796986
371254615
166423982
-1046556765
-173041900
361687160
1010789841
20194020
-696089023
633740059
-516483409
540323073
-282226898
883923332
815217129
-296853724
632629751
-752515410
280171379
712843643
-882920234
-608337985
-57430473
401721727
32422079
995233624
-493719115
-152349806
941250485
-80956012
108171250
-1065207308
-558855017
-788947153
467081323
1024673712
153084558
282011358
-1067145389
-118369932
-10525256
-471291404
-835245706
482877341
-275652480
843619694
-604353394
908679602
-339294791
460545252
-556575525
-916687723
-53186535
939468236
-469864751
222593918
470205271
583326549
769128496
-340396394
784498246
649318335
949519095
189462188
464154145
-922050826
-537663914
-116881537
554607227
-917143925
-64647878
574018230
-651121682
-632032538
282342056
-612031712
-835835899
918100153
-280581767
-480923573
-539162333
-742430931
557693279
637892650
268595908
-820896284
-415745338
851212486
-505484541
791498878
-477110814
546640924
712171288
-745353290
300303234
346319890
871317864
523248713
-712449579
377175466
709278343
960268956
-173102675
448152317
438838920
450383531
870342795
-808355673
-21249924
-706421298
-247276268
83934369
1041504187
739955370
-715376727
-305979889
-533272346
807141736
465901628
-217632886
-11375285
1051393377
-201941363
611240519
-859375481
601174964
-869410785
188772490
-706292642
-61141238
806432858
371341289
-1000262619
120423599
1068154760
45813645
-99337916
710023914
805299591
-16736570
864019171
-608298124
-190698106
-743253743
440300113
637676396
-224946629
-973504503
393204146
-532525385
-920155740
-150504590
-800656605
-687679576
-197401376
-94430702
-975060677
-439614629
-147357185
106236792
1058263251
-229108542
-487175862
-929026619
-183984960
743970985
-752049341
552824787
-838097967
380654773
204901868
-956450885
442875188
576788369
-25340390
905314611
818510314
-693774516
-40488138
321416353
984774410
282546267
863231515
301592261
562845416
-614338224
-799614747
-368952986
1064755332
-102718992
-93093470
-460436118
933729036
-262812047
606633178
-772374781
433998718
1060802639
-31141352
-163246688
-759885901
-585744222
482077407
26127785
956306875
-487561280
865249357
-470762800
-427372718
-31454845
806255917
-708437359
-206775249
897383343
552149106
-2814445
244097822
1045624137
-347856075
1009271465
-115276904
758038176
-760450849
3759388
304522193
312783156
-980996654
-194069318
-60173800
-1054342315
-186088345
-409172233
-975126000
-532464368
305773122
-880855265
1073152627
-23327759
-26846924
-947622332
-109869583
-492810404
-641027935
-615968579
602152306
224348591
927586473
-492110300
309739420
687657295
-764271182
-472931262
648484070
713250261
489605942
4619568
955607756
-118157155
991083896
-395870056
-46414575
940585311
515816308
31891304
-1071656482
58794833
636078438
556932770
661930218
-55555625
283884429
-1034042894
-21962137
-20896890
1073313788
690773550
581131949
581411269
-779763080
-721287216
156957937
387639958
525436321
-852392773
834364978
59382373
673223827
553034425
308536873
-867109812
-618374042
693192550
-538534247
-905161783
526591999
237285728
-126513173
457357266
-963192739
423414301
-64943018
984593437
981788706
75944255
-428071151
802400744
-521952993
-486456187
754314600
-736440149
-203928650
462631657
-414632430
-875770176
580352145
640756023
636823845
-65618753
-833775988
-673374550
-819341837
-627942635
295446279
495564962
626693221
-717351014
782853399
417652647
-604672080
-882940956
407036034
-455695554
-562404606
632624936
660612028
232995844
491615245
-925715340
-506114829
810900666
-489090372
13685640
-716830745
799304629
-260084177
1013555448
240796755
841676091
-186107935
-640208324
-927024178
337028164
424216563
-164036430
1037190584
224163434
-506441590
-940020907
113133169
905663087
321485370
-478897726
-144935226
789226180
713468514
1013567808
266032017
-234155436
108642705
-77890806
-1065387858
-695199903
-109464036
-810947731
736717890
-83565219
-776649926
-618401155
552276962
682269501
871222993
517515338
355063197
854496797
-35901782
649205506
597778763
-121011574
883707108
1006051056
-303650327
220407022
-271241129
1029588878
138911825
577856529
-858695729
285735857
-649349755
-851540806
78387845
841824447
505970086
-433874838
903789627
575127965
-72894708
-86621252
-416011518
-986079448
-883678510
322359513
-517801253
889593842
176617156
-574761410
119420880
91758097
-1063127748
-643795607
-225494644
829217031
-385266239
636112021
-774501727
991315295
173265415
374425673
-857787966
-193239877
-616262654
-322308964
706777020
-741285828
-317642441
-939662768
411167441
864306816
626307304
116766399
-719291658
710149284
-362255445
713703821
737481615
315704333
969562558
-350255737
-300317943
336911011
-785062463
-650453229
1048881126
134040497
186555707
-927654642
238232057
-485411016
125623112
1027260177
286141340
-109776134
726273578
783196905
-439368649
586612117
784705624
346806688
485345937
892796699
-304754236
605817016
-832485496
93542545
-150190571
1059062835
-365974969
-977758018
250944383
784608206
732252337
-33436212
505418346
942457711
96162680
815541085
-683234845
-144928907
-30226153
-497400430
-951104986
944240722
481406282
171985329
965723464
-223011807
-412995676
-1031935701
-276657971
107194117
433529607
-53783524
-980857235
186565693
865362725
607669399
90064407
-878888605
-610216950
434683212
46511572
-980718452
-474279639
-720707736
639187520
320724105
1018648571
111412028
-94963251
-68566731
-1067334103
67844302
1071358347
22581985
774623541
252496835
699374878
764828757
-566549216
496971287
378577552
809450713
595306714
-76968352
-573078347
-904753328
-224617244
900728730
-539589059
-757825632
711272646
-269653549
-923825166
408519036
-364116415
-604048136
861990343
212179175
526126800
-44921252
-934930037
-849255240
312609438
577894783
-360831801
-832166375
574648622
402987140
992825595
-69427707
138275128
1012004662
-331131479
-638166077
-321686821
801363307
229156542
-988540820
350992636
-11039081
717587754
798666049
-174759745
-148082743
1049024326
13610636
-415916136
-989823227
446945680
-573333852
790221081
211116259
1050585673
-67979206
-295556400
-980649607
322326334
520450507
-505105879
791783319
-795459495
-193267426
-694847751
593670744
857641962
254807409
634742043
-796205025
340707499
756889478
759308121
59084667
-458799650
870117129
430488752
-934663517
176661883
498112630
124765048
1060512442
112554643
157613035
-1021990813
289161567
1058735644
178196172
15699171
898998617
77007732
-582059102
779870788
-240044438
-697926733
670219138
549796696
-633601928
399657455
-509223237
856672117
106928792
354233009
-1007971583
-868922766
-279137587
-565665040
663710325
741865839
402548363
912236140
500450187
265134565
-736337274
763849555
165114445
-711249483
-257283494
762135736
462829546
950728855
186614468
-362661886
836816032
566689323
-192497159
-969586344
-419247741
-310904762
178592749
1012108869
976949008
318878263
-311141112
-1003957946
-51284590
377306024
-213747273
178360011
1037025223
-520462881
-291754646
-892703265
998629672
324207535
224832727
-320828456
-354631688
961367240
1040294884
56520694
259833539
377130767
919774267
-405843793
-465105895
871611197
-420585225
910553241
502644032
-266764456
-771085845
-290082677
688621930
752619944
-363320445
674153526
660147822
-810690442
244759808
351853813
-990679209
218346288
915698388
-544788503
-132753349
-295622125
279532026
993675455
483889770
-684483351
-671010235
-649565349
-196229501
-832154038
925783605
359615229
408072429
893586090
38237633
594107133
167390502
782775704
-715656426
-721353086
792662456
65249206
1007294571
367605528
56083209
387321277
971237274
-244134980
-834783342
-675320770
-363822
-173248787
1010106404
320298944
863070833
-523921980
365425776
-672217862
705621804
-450713344
-120725332
987964741
402830695
-414093473
-609147852
-781272675
807052161
-108285064
699901891
-601378799
739333820
494621619
610840153
-216549719
856096974
1013394960
-76394899
-346577521
490334903
252107088
-921376797
966654122
-379450449
272981078
-772318632
745916008
-7398842
50435527
48497609
1071459632
-304784672
-447566532
927206561
-624104866
-415453368
768643688
108135568
-737660710
772712676
-80654805
1033505457
279790594
-180510360
-1038359119
205299421
-419954901
-463914092
-872549769
768600776
83050813
745169049
465993964
101894629
961971212
824096181
-291063669
-623753900
212808568
710307414
-776593455
869923835
-225925608
587462037
1038738505
69415396
-262916955
-1025630238
60215564
-312054808
669677727
772083504
-329150891
26857501
-313093767
1026729015
241210332
244050666
-1017437149
670963170
804862089
-234364982
-623350178
-706820422
-514549269
283691819
157854235
1023485464
180802053
973868351
-414502780
62017126
317470909
1023859171
570697438
-741718442
526383596
611272168
-825716821
-312185155
215538179
-366746411
985881264
155618344
654290272
-837023700
-77422608
844531783
658553954
-662294955
664554559
522162938
-799263526
690690524
192473163
-636444951
237722910
831472877
747481884
710731400
-298417849
-968093201
-218350011
409927225
-497405256
-712260353
-631026706
409383166
294375215
947982151
220377547
603449370
860351148
326234835
-973659049
313815857
800255825
-390536751
-599994303
240559025
-9624697
1046403471
691353328
-622362419
536299449
-501293923
220536444
-923574351
1052978987
-206536393
-38723038
-376072584
660005477
758870005
473999917
-798122380
-539672352
1067231632
-117906300
6020958
-859047341
-449792183
-461135728
151814851
754829968
748401946
944766748
24853154
-509626937
152280574
920584223
531278475
-339168868
-156741837
1006636965
-269425289
-872344522
565107557
-304777882
523199598
886732274
730347722
-438336232
-653739287
545741134
924689903
6058106
81684033
988759284
-410614539
68441147
799099204
-713917204
-289058200
1033415346
-37677347
1044331187
-242727368
58114538
-790446034
642319257
-339915493
-774882656
-598062193
-441361513
344557302
701545293
736230922
496170379
849770251
429682415
-59500586
-765310394
750787043
-288670831
-956165966
-394128531
909389613
-57331101
568018644
434157659
-838255582
511621158
-833115661
405319895
-542729750
340286004
-983066281
-265909057
721846619
780489733
150647726
-572670422
-907145353
45358569
421680038
-939245943
-304835213
-940925746
389796216
340057573
990146298
399217043
-114706427
34995294
-831020452
-679044800
898645834
460906564
-364585117
555502712
330369357
857434737
-82058157
-186014909
1054317986
789375167
663717928
298809070
-382884561
-932921260
-368753087
668799643
67932776
-837265597
171729828
426027504
-970531264
-155023560
289327411
-1022339889
316388439
806383008
-634481128
394643861
-982676648
-177550928
-317183487
957792026
-367356194
-956388756
241110438
424391103
1041425296
209957709
-155796717
939587635
125642086
-504292222
189610031
455163272
953832236
-80462851
-688883180
819687256
940020751
518920940
1883762
664740571
206345210
817595946
-948335419
-379762763
-330698774
544715423
-575496532
724575981
521603800
401879138
-848141579
-330548532
-258512808
988347256
609592141
-597564733
651333490
-975822053
447945094
-6165808
851249954
25871081
-653930964
178637369
-915681999
531541785
727210448
-189710094
-766874531
528064489
919586935
-168609810
52818865
933220429
528423411
627376674
503198167
-711415221
-175070908
-657439269
830689646
560939220
-766259712
-501113507
-17234400
-774557335
-743428149
-304366156
-869347013
-551831964
58432383
-331292064
-1019682660
604479649
-491874745
738637322
-568627557
-30415620
-910307143
-947845252
478302001
160430908
943193454
-75418989
-507562397
836311620
-432391650
-516276900
152115295
1051094765
-158057696
156559775
545426854
911548181
783483154
175397495
-712959584
660371332
841180729
-96157106
-852358229
-439666778
482804388
725697065
494469949
617887322
336980549
-666333729
-771598973
-175344223
846469012
636919240
787700060
418184182
597973334
-1052246679
140390321
-161211005
762660445
-606793948
-450634723
438074348
199002310
959901270
685530876
-784958610
-258474179
274224711
146228623
-1027783781
-130905517
807538639
-695461426
426046042
-503568608
-847245496
58399463
566019281
910567504
686169052
-725267260
395070800
109165391
-957864421
472758047
-129669713
-809010936
693980241
52293059
-1071743084
-39417025
764418910
535529335
530842316
-617656601
-870264080
-118584385
-1018765028
307705017
-142677764
888145715
-501994305
-334843857
870411611
-628546824
15297702
-120168343
198927015
-1048288660
94839834
1040989622
-245494432
656106460
-613163711
-588622187
427088081
188929863
-966862338
-677821305
308393162
773546016
633120452
748175854
-438534933
423119924
-947914993
274496264
-321544575
880752789
-523263904
709864705
704270327
-391173760
-1064583388
-107837858
89189175
846805461
-624456478
214233801
454773144
972576648
14055405
831206869
-502225766
458023933
144781324
-920950676
-532737950
-379330454
-389372318
-925969280
463615362
-965264932
79031069
-5121564
1046676259
-239507998
871425766
134259958
612791074
376248987
129430408
997299339
127641220
386953235
993426603
306454803
-391691907
951621987
653431022
679698074
-513770309
-396514148
-401111326
913678137
-1071139362
-34921279
-66049032
952356183
-480255651
123667751
994762580
-191743651
355813553
-250954151
-923673110
-486591721
-180327813
112954221
-1052447019
733920931
-756997894
203065896
287280343
-849018859
-591234713
-665928744
830623646
139731062
394923316
-164991756
-984751135
660980237
-53728917
844476070
-567105671
-203040491
-888868506
483651891
-134667628
-949140127
-995783268
46303461
398990194
987399450
-2707492
421848905
205656589
335987571
-998868972
962919157
267761257
392443766
318620688
-807145444
632391170
-349141125
-1003422180
155453869
688165110
-243842178
787331745
-277850090
120280057
-1030171606
860690881
624484540
-148834704
414915936
984722655
105297488
111971681
1065763665
-67317572
469674724
769053853
583852146
424897474
-258604825
-951581412
-210811550
728689480
759928704
-1032588706
-76078993
284418801
1047088174
-40245108
234324969
1037515714
274370729
34689319
